43	42	0.0442958802984
24	42	0.0417549844844
25	42	0.0442347660864
26	42	0.0519184356734
27	42	0.0445182009847
20	42	0.0416969023065
22	42	0.0409931217083
23	42	0.0422690665732
28	42	0.0368337338526
29	42	0.0564021797205
40	42	0.0840022569845
1	42	0.0467109403818
0	42	0.0397884139632
3	42	0.028129899504
2	42	0.041951771079
5	42	0.0460733558134
4	42	0.071356105035
6	42	0.045959981846
9	42	0.0424790629181
8	42	0.0401489161471
39	42	0.061747621058
38	42	0.0410119417777
11	42	0.0384865216926
10	42	0.0505838225484
13	42	0.039179588181
12	42	0.101307017563
15	42	0.0417935147864
14	42	0.0429011350609
17	42	0.0451118616576
16	42	0.0427048857929
19	42	0.04822139197
18	42	0.0758398312628
31	42	0.0702422348068
30	42	0.114304696636
37	42	0.0830093327676
36	42	0.057874409649
35	42	0.0933420143397
34	42	0.0421415616582
33	42	0.0387155049341
32	42	0.0453325925351
42	29	0.0564021797205
43	29	0.0446967588984
24	29	0.0443066568512
25	29	0.0465380119828
26	29	0.0518470366421
27	29	0.0466651376112
20	29	0.0435048814874
22	29	0.0432033571987
23	29	0.0446747550325
28	29	0.0422658574797
40	29	0.0869280849074
1	29	0.0483084090926
0	29	0.0439355946179
3	29	0.0421651539082
2	29	0.043804345383
5	29	0.0482995585742
4	29	0.0805442205689
6	29	0.0480244188654
9	29	0.0434677863403
8	29	0.042154395113
39	29	0.0643672147338
38	29	0.0440370527403
11	29	0.0436979333326
10	29	0.0552628409273
13	29	0.0419076416991
12	29	0.102369712099
15	29	0.044871759542
14	29	0.0439690967714
17	29	0.0463472883839
16	29	0.0437201763543
19	29	0.0503173620377
18	29	0.0770129143701
31	29	0.0721139316698
30	29	0.11481426969
37	29	0.0848953767281
36	29	0.0596915436744
35	29	0.0961488240844
34	29	0.0477658265725
33	29	0.0410276467913
32	29	0.045480324399
42	24	0.0417549844844
43	24	0.0267539260451
25	24	0.02610068019
26	24	0.0378486699621
27	24	0.0270827282695
20	24	0.0237387881541
22	24	0.020685607094
23	24	0.0237858356641
28	24	0.0179967609596
29	24	0.0443066568512
40	24	0.0781646004083
1	24	0.0307988217072
0	24	0.0215659403547
3	24	0.0208604439
2	24	0.0221374243903
5	24	0.0292652893757
4	24	0.0711156089049
6	24	0.0291890980118
9	24	0.0233002533159
8	24	0.0185510787376
39	24	0.0531287788126
38	24	0.0218569613986
11	24	0.0230419771148
10	24	0.0399424195478
13	24	0.0174894818697
12	24	0.0948409594646
15	24	0.0255754253183
14	24	0.0237904956176
17	24	0.0279113676302
16	24	0.0242234134099
19	24	0.0333231748677
18	24	0.0666077563926
31	24	0.0625240435251
30	24	0.108880500252
37	24	0.0755589902902
36	24	0.0462408052919
35	24	0.0880327593386
34	24	0.0285745796606
33	24	0.0158145368875
32	24	0.0279985298484
42	25	0.0442347660864
43	25	0.0300417815673
24	25	0.02610068019
26	25	0.040016573637
27	25	0.0302829747654
20	25	0.0277108701198
22	25	0.0246902256263
23	25	0.0269659929855
28	25	0.0226820867946
29	25	0.0465380119828
40	25	0.0795564802235
1	25	0.0334939017984
0	25	0.025571515216
3	25	0.0253935213621
2	25	0.0259628052754
5	25	0.0322354150686
4	25	0.0731328673303
6	25	0.0321773479229
9	25	0.0269276511326
8	25	0.0228339680014
39	25	0.0551437894773
38	25	0.0257871691654
11	25	0.0276376768097
10	25	0.0422977379475
13	25	0.0221385794214
12	25	0.0959031617423
15	25	0.0290956535813
14	25	0.0273267719264
17	25	0.0310292654912
16	25	0.0278596060857
19	25	0.0359789743683
18	25	0.068229336715
31	25	0.0639893883416
30	25	0.10984237512
37	25	0.0767754788099
36	25	0.048515605259
35	25	0.089168213836
34	25	0.0319699857437
33	25	0.0209205405786
32	25	0.0319598665489
42	26	0.0519184356734
43	26	0.0392189991128
24	26	0.0378486699621
25	26	0.040016573637
27	26	0.0401918999685
20	26	0.0372862013219
22	26	0.0363573480282
23	26	0.038629311377
28	26	0.0354522868415
29	26	0.0518470366421
40	26	0.0825496385837
1	26	0.0430760915437
0	26	0.0374274680714
3	26	0.0370123446867
2	26	0.0368528825626
5	26	0.041031757968
4	26	0.0778749041877
6	26	0.0419916420012
9	26	0.0370189147741
8	26	0.0351281548633
39	26	0.0593014317053
38	26	0.0371869952443
11	26	0.0386822560962
10	26	0.0501343825288
13	26	0.0348568441675
12	26	0.099234026147
15	26	0.0387769105168
14	26	0.037648215827
17	26	0.0405643180453
16	26	0.0388564880892
19	26	0.0441720170473
18	26	0.0729529531001
31	26	0.0687332819323
30	26	0.113250856501
37	26	0.0813727937142
36	26	0.0531298164333
35	26	0.0926771534474
34	26	0.0416107310342
33	26	0.0339264734529
32	26	0.0403476653637
42	27	0.0445182009847
43	27	0.0306729402129
24	27	0.0270827282695
25	27	0.0302829747654
26	27	0.0401918999685
20	27	0.0283596437806
22	27	0.0252606213707
23	27	0.0281847386724
28	27	0.0234073727924
29	27	0.0466651376112
40	27	0.0772971336127
1	27	0.0339273187453
0	27	0.0261472899092
3	27	0.0259484167589
2	27	0.0269484093092
5	27	0.0329174457279
4	27	0.0728995233539
6	27	0.0327592560782
9	27	0.027662325932
8	27	0.0239669752755
39	27	0.055509672431
38	27	0.0262779948079
11	27	0.0280172418685
10	27	0.0425993291961
13	27	0.0232289602887
12	27	0.0961068849519
15	27	0.0270255278321
14	27	0.028278006597
17	27	0.031671064112
16	27	0.0285380672651
19	27	0.0364247342018
18	27	0.0686174586954
31	27	0.0642798521692
30	27	0.109774090619
37	27	0.0773718255353
36	27	0.0488831914392
35	27	0.0894503792778
34	27	0.0325488233942
33	27	0.0217450927816
32	27	0.0324536154299
42	20	0.0416969023065
43	20	0.0280441025893
24	20	0.0237387881541
25	20	0.0277108701198
26	20	0.0372862013219
27	20	0.0283596437806
22	20	0.0221871771498
23	20	0.0252850181802
28	20	0.0192894174825
29	20	0.0435048814874
40	20	0.0786325212051
1	20	0.0318913181127
0	20	0.0229274471458
3	20	0.0213878248127
2	20	0.0231296314604
5	20	0.0306292664416
4	20	0.0685888630495
6	20	0.03024229097
9	20	0.024382211796
8	20	0.0202685611448
39	20	0.052940859874
38	20	0.0230236277136
11	20	0.0238677025634
10	20	0.040386120047
13	20	0.018350568279
12	20	0.0951236222414
15	20	0.0262674511395
14	20	0.0252913977838
17	20	0.0283244488605
16	20	0.0257499575806
19	20	0.0334772531458
18	20	0.0675067292658
31	20	0.0629163135118
30	20	0.108580067534
37	20	0.075800346215
36	20	0.0268134820663
35	20	0.0884165409858
34	20	0.0289557480791
33	20	0.0175910955711
32	20	0.0277295740692
42	22	0.0409931217083
43	22	0.0253328750135
24	22	0.020685607094
25	22	0.0246902256263
26	22	0.0363573480282
27	22	0.0252606213707
20	22	0.0221871771498
23	22	0.0221382591108
28	22	0.0159860536909
29	22	0.0432033571987
40	22	0.0776827534216
1	22	0.0294567006219
0	22	0.0199477968403
3	22	0.019409912597
2	22	0.0203105223536
5	22	0.0279799977975
4	22	0.0705060238891
6	22	0.0279395586871
9	22	0.0213376649465
8	22	0.0163637662383
39	22	0.0524660908943
38	22	0.0200416052744
11	22	0.0219861773403
10	22	0.0388737182608
13	22	0.0152159843325
12	22	0.0939750497844
15	22	0.0240690206974
14	22	0.0221795972104
17	22	0.0264309533978
16	22	0.022779211613
19	22	0.0320713486782
18	22	0.0662648559536
31	22	0.0617031926018
30	22	0.108545354054
37	22	0.0752126391626
36	22	0.0454515401704
35	22	0.0876524474373
34	22	0.0273198787509
33	22	0.0132500329016
32	22	0.026791602774
42	23	0.0422690665732
43	23	0.0277965313473
24	23	0.0237858356641
25	23	0.0269659929855
26	23	0.038629311377
27	23	0.0281847386724
20	23	0.0252850181802
22	23	0.0221382591108
28	23	0.0197874164677
29	23	0.0446747550325
40	23	0.0785224802927
1	23	0.0316785656205
0	23	0.0230690020191
3	23	0.022506468047
2	23	0.0236361031471
5	23	0.0303658867349
4	23	0.0719702995482
6	23	0.0298614268864
9	23	0.0222813298774
8	23	0.0202867711884
39	23	0.0538451859663
38	23	0.0232786057154
11	23	0.0252136246586
10	23	0.0402690570099
13	23	0.0191338843299
12	23	0.0953297159571
15	23	0.0266340954566
14	23	0.0252411016515
17	23	0.0290853981531
16	23	0.0255613275122
19	23	0.0336215607195
18	23	0.0666455846431
31	23	0.0623791257389
30	23	0.107787025871
37	23	0.0761946164547
36	23	0.0471471183696
35	23	0.0884352320722
34	23	0.0295310410033
33	23	0.0175024471461
32	23	0.0298369507382
42	28	0.0368337338526
43	28	0.0233691707313
24	28	0.0179967609596
25	28	0.0226820867946
26	28	0.0354522868415
27	28	0.0234073727924
20	28	0.0192894174825
22	28	0.0159860536909
23	28	0.0197874164677
29	28	0.0422658574797
40	28	0.077072553385
1	28	0.0277729253354
0	28	0.00721521092761
3	28	0.0140051471641
2	28	0.0175130173442
5	28	0.0260653782643
4	28	0.0678104047492
6	28	0.025975136519
9	28	0.0191819335331
8	28	0.0130167435698
39	28	0.0513910005762
38	28	0.0165136972978
11	28	0.0169614995365
10	28	0.0368019866319
13	28	0.0109111040741
12	28	0.0937894892972
15	28	0.0215908056261
14	28	0.0200018655392
17	28	0.0245645561402
16	28	0.0204676210183
19	28	0.0304276946389
18	28	0.065641735907
31	28	0.0609500963742
30	28	0.107899959126
37	28	0.0741961847635
36	28	0.0441734858707
35	28	0.0868308800809
34	28	0.0226801362182
33	28	0.00882469314903
32	28	0.0254924026454
42	43	0.0442958802984
24	43	0.0267539260451
25	43	0.0300417815673
26	43	0.0392189991128
27	43	0.0306729402129
20	43	0.0280441025893
22	43	0.0253328750135
23	43	0.0277965313473
28	43	0.0233691707313
29	43	0.0446967588984
40	43	0.0794479334795
1	43	0.0339217016335
0	43	0.0262314946094
3	43	0.0250020008891
2	43	0.0265731192479
5	43	0.0325004722861
4	43	0.0732709632028
6	43	0.0327250242293
9	43	0.0268472768335
8	43	0.0236564692626
39	43	0.0550573738511
38	43	0.0264017125647
11	43	0.028141919736
10	43	0.042694329604
13	43	0.0229399789985
12	43	0.0957954756159
15	43	0.029257016577
14	43	0.0280387477924
17	43	0.0313486735148
16	43	0.0279694950594
19	43	0.0363194770267
18	43	0.0685445984109
31	43	0.0640835244036
30	43	0.109234394284
37	43	0.0772908321833
36	43	0.0487647124778
35	43	0.0888960188385
34	43	0.0324370052109
33	43	0.0214950155257
32	43	0.0320255490837
42	40	0.0840022569845
43	40	0.0794479334795
24	40	0.0781646004083
25	40	0.0795564802235
26	40	0.0825496385837
27	40	0.0772971336127
20	40	0.0786325212051
22	40	0.0776827534216
23	40	0.0785224802927
28	40	0.077072553385
29	40	0.0869280849074
1	40	0.0810592688976
0	40	0.0781405593621
3	40	0.077031940681
2	40	0.0783318215898
5	40	0.080509367071
4	40	0.102795535129
6	40	0.0806331606975
9	40	0.0782928992051
8	40	0.0773697757822
39	40	0.0923118572546
38	40	0.0780249223313
11	40	0.0779540642823
10	40	0.0846411410685
13	40	0.0771117451868
12	40	0.121108007373
15	40	0.0788524390013
14	40	0.0788068395667
17	40	0.0801686634249
16	40	0.0789210883651
19	40	0.0820630305759
18	40	0.099570195627
31	40	0.0977403988432
30	40	0.132469936382
37	40	0.10665055771
36	40	0.0879722686187
35	40	0.115839893711
34	40	0.07988082316
33	40	0.0764928520312
32	40	0.0805039022663
42	1	0.0467109403818
43	1	0.0339217016335
24	1	0.0307988217072
25	1	0.0334939017984
26	1	0.0430760915437
27	1	0.0339273187453
20	1	0.0318913181127
22	1	0.0294567006219
23	1	0.0316785656205
28	1	0.0277729253354
29	1	0.0483084090926
40	1	0.0810592688976
0	1	0.0302658902639
3	1	0.029638264309
2	1	0.0305950084165
5	1	0.0361236154557
4	1	0.074615151633
6	1	0.0359448272358
9	1	0.0312963443096
8	1	0.0280516826585
39	1	0.0572096673554
38	1	0.0302657306138
11	1	0.0316848701666
10	1	0.0452955017537
13	1	0.0275090689824
12	1	0.0970965657115
15	1	0.0324084236295
14	1	0.0317446323399
17	1	0.0349575212202
16	1	0.0318677514596
19	1	0.0392466986857
18	1	0.0699658993617
31	1	0.0657964175989
30	1	0.110768533697
37	1	0.0786533745539
36	1	0.0509674948983
35	1	0.0906305676327
34	1	0.0351795683211
33	1	0.0263158682702
32	1	0.0352640508483
42	0	0.0397884139632
43	0	0.0262314946094
24	0	0.0215659403547
25	0	0.025571515216
26	0	0.0374274680714
27	0	0.0261472899092
20	0	0.0229274471458
22	0	0.0199477968403
23	0	0.0230690020191
28	0	0.00721521092761
29	0	0.0439355946179
40	0	0.0781405593621
1	0	0.0302658902639
3	0	0.0192107661334
2	0	0.0214997250645
5	0	0.0285632527166
4	0	0.0700966474033
6	0	0.0284798421024
9	0	0.0225277093403
8	0	0.0175678603416
39	0	0.0529241508748
38	0	0.0202485814333
11	0	0.0204715870294
10	0	0.0383585597911
13	0	0.0160363306701
12	0	0.0945571037794
15	0	0.0245915801755
14	0	0.0232575578578
17	0	0.0273665505799
16	0	0.0236451387966
19	0	0.0327066555561
18	0	0.0667006608958
31	0	0.0620482651614
30	0	0.108445948352
37	0	0.0752946753188
36	0	0.0458427190409
35	0	0.0876177015283
34	0	0.0273149121126
33	0	0.0147620505832
32	0	0.0281548947154
42	3	0.028129899504
43	3	0.0250020008891
24	3	0.0208604439
25	3	0.0253935213621
26	3	0.0370123446867
27	3	0.0259484167589
20	3	0.0213878248127
22	3	0.019409912597
23	3	0.022506468047
28	3	0.0140051471641
29	3	0.0421651539082
40	3	0.077031940681
1	3	0.029638264309
0	3	0.0192107661334
2	3	0.0211676097786
5	3	0.0285737142699
4	3	0.0661090740955
6	3	0.028394509429
9	3	0.0218232047241
8	3	0.0173345955215
39	3	0.0516781186771
38	3	0.0201409136158
11	3	0.0183681244106
10	3	0.0372438920127
13	3	0.0158021633625
12	3	0.0943429005464
15	3	0.0226737340043
14	3	0.0229282710333
17	3	0.0268558757703
16	3	0.0228106632221
19	3	0.0321488124582
18	3	0.0665209840747
31	3	0.061490740042
30	3	0.108490357092
37	3	0.0751324319658
36	3	0.0453520393959
35	3	0.0873679706441
34	3	0.0255651038385
33	3	0.0140767363812
32	3	0.0275350393897
42	2	0.041951771079
43	2	0.0265731192479
24	2	0.0221374243903
25	2	0.0259628052754
26	2	0.0368528825626
27	2	0.0269484093092
20	2	0.0231296314604
22	2	0.0203105223536
23	2	0.0236361031471
28	2	0.0175130173442
29	2	0.043804345383
40	2	0.0783318215898
1	2	0.0305950084165
0	2	0.0214997250645
3	2	0.0211676097786
5	2	0.0285753883658
4	2	0.0715823513578
6	2	0.0290122185134
9	2	0.0230980164183
8	2	0.0177895595907
39	2	0.0532011299298
38	2	0.0216449391139
11	2	0.0237509260977
10	2	0.0399356043091
13	2	0.0169436362386
12	2	0.0946711384445
15	2	0.0254960596781
14	2	0.0235718379737
17	2	0.025966739924
16	2	0.0240775404592
19	2	0.03251747482
18	2	0.0668617759545
31	2	0.0622343498177
30	2	0.108915963064
37	2	0.0754973258359
36	2	0.0454605786241
35	2	0.0881013800971
34	2	0.027687567136
33	2	0.0155153216563
32	2	0.0277591044003
42	5	0.0460733558134
43	5	0.0325004722861
24	5	0.0292652893757
25	5	0.0322354150686
26	5	0.041031757968
27	5	0.0329174457279
20	5	0.0306292664416
22	5	0.0279799977975
23	5	0.0303658867349
28	5	0.0260653782643
29	5	0.0482995585742
40	5	0.080509367071
1	5	0.0361236154557
0	5	0.0285632527166
3	5	0.0285737142699
2	5	0.0285753883658
4	5	0.0742615168
6	5	0.0345213642254
9	5	0.0298865154436
8	5	0.0260379469412
39	5	0.0567096028549
38	5	0.0288541773426
11	5	0.0303672576423
10	5	0.0442981736097
13	5	0.0257349268647
12	5	0.0963744389538
15	5	0.0317347698525
14	5	0.030265000688
17	5	0.0327151525132
16	5	0.0306129691368
19	5	0.0377318343252
18	5	0.0693899615617
31	5	0.064816478095
30	5	0.110634246257
37	5	0.078189534739
36	5	0.050280730931
35	5	0.0899307990334
34	5	0.0342514334686
33	5	0.0246312281307
32	5	0.0340689085423
42	4	0.071356105035
43	4	0.0732709632028
24	4	0.0711156089049
25	4	0.0731328673303
26	4	0.0778749041877
27	4	0.0728995233539
20	4	0.0685888630495
22	4	0.0705060238891
23	4	0.0719702995482
28	4	0.0678104047492
29	4	0.0805442205689
40	4	0.102795535129
1	4	0.074615151633
0	4	0.0700966474033
3	4	0.0661090740955
2	4	0.0715823513578
5	4	0.0742615168
6	4	0.0737591765394
9	4	0.0720038178011
8	4	0.0706791599074
39	4	0.0815693993798
38	4	0.0712386946896
11	4	0.0626986118898
10	4	0.0770905521263
13	4	0.0699442930429
12	4	0.115136829815
15	4	0.0719173675204
14	4	0.0721608470617
17	4	0.0733012206408
16	4	0.0723538992394
19	4	0.0751565361055
18	4	0.0956448667244
31	4	0.0900950251892
30	4	0.127088300312
37	4	0.0993933478821
36	4	0.0814394540561
35	4	0.108994058425
34	4	0.0673160515793
33	4	0.0696283033974
32	4	0.0729968028861
42	6	0.045959981846
43	6	0.0327250242293
24	6	0.0291890980118
25	6	0.0321773479229
26	6	0.0419916420012
27	6	0.0327592560782
20	6	0.03024229097
22	6	0.0279395586871
23	6	0.0298614268864
28	6	0.025975136519
29	6	0.0480244188654
40	6	0.0806331606975
1	6	0.0359448272358
0	6	0.0284798421024
3	6	0.028394509429
2	6	0.0290122185134
5	6	0.0345213642254
4	6	0.0737591765394
9	6	0.0294592369423
8	6	0.0262187581837
39	6	0.0562498603853
38	6	0.0287070325283
11	6	0.0302449664567
10	6	0.0442993063127
13	6	0.0256098432305
12	6	0.0966848573295
15	6	0.0314978298575
14	6	0.0300331457638
17	6	0.0334346944629
16	6	0.0306410160879
19	6	0.0358771262628
18	6	0.0694722196839
31	6	0.0629962560328
30	6	0.109786301609
37	6	0.0781066996471
36	6	0.0501156066402
35	6	0.0897524602143
34	6	0.0341963238453
33	6	0.0244799998757
32	6	0.0341536943569
42	9	0.0424790629181
43	9	0.0268472768335
24	9	0.0233002533159
25	9	0.0269276511326
26	9	0.0370189147741
27	9	0.027662325932
20	9	0.024382211796
22	9	0.0213376649465
23	9	0.0222813298774
28	9	0.0191819335331
29	9	0.0434677863403
40	9	0.0782928992051
1	9	0.0312963443096
0	9	0.0225277093403
3	9	0.0218232047241
2	9	0.0230980164183
5	9	0.0298865154436
4	9	0.0720038178011
6	9	0.0294592369423
8	9	0.0195327051562
39	9	0.0534886183084
38	9	0.022682300495
11	9	0.0247895118065
10	9	0.0399740284852
13	9	0.0186612664454
12	9	0.0950660761073
15	9	0.0260178472705
14	9	0.0241685146069
17	9	0.0283535313417
16	9	0.0239147966738
19	9	0.0335748310528
18	9	0.0664761509537
31	9	0.0620619872472
30	9	0.108393266191
37	9	0.0757102940642
36	9	0.0465935683871
35	9	0.0883783566475
34	9	0.029414805838
33	9	0.0167203284969
32	9	0.0285083356259
42	8	0.0401489161471
43	8	0.0236564692626
24	8	0.0185510787376
25	8	0.0228339680014
26	8	0.0351281548633
27	8	0.0239669752755
20	8	0.0202685611448
22	8	0.0163637662383
23	8	0.0202867711884
28	8	0.0130167435698
29	8	0.042154395113
40	8	0.0773697757822
1	8	0.0280516826585
0	8	0.0175678603416
3	8	0.0173345955215
2	8	0.0177895595907
5	8	0.0260379469412
4	8	0.0706791599074
6	8	0.0262187581837
9	8	0.0195327051562
39	8	0.0517210092514
38	8	0.0177881115443
11	8	0.0204152759223
10	8	0.0380645903762
13	8	0.01188860112
12	8	0.094036153169
15	8	0.0222309891889
14	8	0.020066918962
17	8	0.0240177989782
16	8	0.0207310686231
19	8	0.0301405305657
18	8	0.0657221498687
31	8	0.0612368550887
30	8	0.108244571355
37	8	0.0747718760492
36	8	0.0444969050979
35	8	0.0871889653885
34	8	0.0257603153522
33	8	0.00977291528807
32	8	0.0256933535442
42	13	0.039179588181
43	13	0.0229399789985
24	13	0.0174894818697
25	13	0.0221385794214
26	13	0.0348568441675
27	13	0.0232289602887
20	13	0.018350568279
22	13	0.0152159843325
23	13	0.0191338843299
28	13	0.0109111040741
29	13	0.0419076416991
40	13	0.0771117451868
1	13	0.0275090689824
0	13	0.0160363306701
3	13	0.0158021633625
2	13	0.0169436362386
5	13	0.0257349268647
4	13	0.0699442930429
6	13	0.0256098432305
9	13	0.0186612664454
8	13	0.01188860112
39	13	0.0515582488713
38	13	0.0164815692987
11	13	0.0191937276288
10	13	0.0373981410995
12	13	0.0937760014881
15	13	0.0214693636763
14	13	0.0193185541915
17	13	0.0241169068462
16	13	0.0200604862643
19	13	0.0302188215532
18	13	0.0654680283303
31	13	0.0609062987252
30	13	0.10805289079
37	13	0.0742454595775
36	13	0.0431474389009
35	13	0.0867997913813
34	13	0.0242548781102
33	13	0.00766810328978
32	13	0.0249982409991
42	12	0.101307017563
43	12	0.0957954756159
24	12	0.0948409594646
25	12	0.0959031617423
26	12	0.099234026147
27	12	0.0961068849519
20	12	0.0951236222414
22	12	0.0939750497844
23	12	0.0953297159571
28	12	0.0937894892972
29	12	0.102369712099
40	12	0.121108007373
1	12	0.0970965657115
0	12	0.0945571037794
3	12	0.0943429005464
2	12	0.0946711384445
5	12	0.0963744389538
4	12	0.115136829815
6	12	0.0966848573295
9	12	0.0950660761073
8	12	0.094036153169
39	12	0.100062777499
38	12	0.0946500846543
11	12	0.0939642554437
10	12	0.0993891515905
13	12	0.0937760014881
15	12	0.0948380784994
14	12	0.0952724361344
17	12	0.0960148087372
16	12	0.0950890655129
19	12	0.0972033421019
18	12	0.113996541488
31	12	0.111049701245
30	12	0.142816914345
37	12	0.119466334217
36	12	0.103385245241
35	12	0.127571104878
34	12	0.096062926293
33	12	0.0934261859582
32	12	0.0962151033733
42	11	0.0384865216926
43	11	0.028141919736
24	11	0.0230419771148
25	11	0.0276376768097
26	11	0.0386822560962
27	11	0.0280172418685
20	11	0.0238677025634
22	11	0.0219861773403
23	11	0.0252136246586
28	11	0.0169614995365
29	11	0.0436979333326
40	11	0.0779540642823
1	11	0.0316848701666
0	11	0.0204715870294
3	11	0.0183681244106
2	11	0.0237509260977
5	11	0.0303672576423
4	11	0.0626986118898
6	11	0.0302449664567
9	11	0.0247895118065
8	11	0.0204152759223
39	11	0.0529894657123
38	11	0.0227820680838
10	11	0.0389046771857
13	11	0.0191937276288
12	11	0.0939642554437
15	11	0.0262556102834
14	11	0.0253091768124
17	11	0.029022738666
16	11	0.0256950640034
19	11	0.0341663074568
18	11	0.0674891669437
31	11	0.0626305167136
30	11	0.108512163998
37	11	0.0756930901205
36	11	0.046825788191
35	11	0.0871867306708
34	11	0.0270153832314
33	11	0.0177747529399
32	11	0.0294852770198
42	10	0.0505838225484
43	10	0.042694329604
24	10	0.0399424195478
25	10	0.0422977379475
26	10	0.0501343825288
27	10	0.0425993291961
20	10	0.040386120047
22	10	0.0388737182608
23	10	0.0402690570099
28	10	0.0368019866319
29	10	0.0552628409273
40	10	0.0846411410685
1	10	0.0452955017537
0	10	0.0383585597911
3	10	0.0372438920127
2	10	0.0399356043091
5	10	0.0442981736097
4	10	0.0770905521263
6	10	0.0442993063127
9	10	0.0399740284852
8	10	0.0380645903762
39	10	0.0625861584249
38	10	0.0392660807518
11	10	0.0389046771857
13	10	0.0373981410995
12	10	0.0993891515905
15	10	0.0415372953949
14	10	0.0408466408964
17	10	0.0433046282222
16	10	0.0411783151964
19	10	0.0468317278203
18	10	0.0747787413562
31	10	0.0707288321442
30	10	0.113752922099
37	10	0.0817619046057
36	10	0.0563619770851
35	10	0.093923618736
34	10	0.0426195746049
33	10	0.0366250296234
32	10	0.0437284088707
42	39	0.061747621058
43	39	0.0550573738511
24	39	0.0531287788126
25	39	0.0551437894773
26	39	0.0593014317053
27	39	0.055509672431
20	39	0.052940859874
22	39	0.0524660908943
23	39	0.0538451859663
28	39	0.0513910005762
29	39	0.0643672147338
40	39	0.0923118572546
1	39	0.0572096673554
0	39	0.0529241508748
3	39	0.0516781186771
2	39	0.0532011299298
5	39	0.0567096028549
4	39	0.0815693993798
6	39	0.0562498603853
9	39	0.0534886183084
8	39	0.0517210092514
38	39	0.0529017822928
11	39	0.0529894657123
10	39	0.0625861584249
13	39	0.0515582488713
12	39	0.100062777499
15	39	0.0533074759553
14	39	0.0540736786663
17	39	0.0552607816525
16	39	0.0536716942022
19	39	0.0576850955642
18	39	0.0827711754879
31	39	0.0774226325594
30	39	0.119454239269
37	39	0.0901319787566
36	39	0.0670204269265
35	39	0.10067892396
34	39	0.0556218240429
33	39	0.0508424067578
32	39	0.0551375692186
42	38	0.0410119417777
43	38	0.0264017125647
24	38	0.0218569613986
25	38	0.0257871691654
26	38	0.0371869952443
27	38	0.0262779948079
20	38	0.0230236277136
22	38	0.0200416052744
23	38	0.0232786057154
28	38	0.0165136972978
29	38	0.0440370527403
40	38	0.0780249223313
1	38	0.0302657306138
0	38	0.0202485814333
3	38	0.0201409136158
2	38	0.0216449391139
5	38	0.0288541773426
4	38	0.0712386946896
6	38	0.0287070325283
9	38	0.022682300495
8	38	0.0177881115443
39	38	0.0529017822928
11	38	0.0227820680838
10	38	0.0392660807518
13	38	0.0164815692987
12	38	0.0946500846543
15	38	0.0248839013432
14	38	0.0234443186428
17	38	0.027388905543
16	38	0.0237630315265
19	38	0.0329057772784
18	38	0.0664572389549
31	38	0.0621735143569
30	38	0.108363447811
37	38	0.0756616506944
36	38	0.0456961173823
35	38	0.087889792878
34	38	0.0279668689949
33	38	0.0151483950596
32	38	0.0282389128467
42	15	0.0417935147864
43	15	0.029257016577
24	15	0.0255754253183
25	15	0.0290956535813
26	15	0.0387769105168
27	15	0.0270255278321
20	15	0.0262674511395
22	15	0.0240690206974
23	15	0.0266340954566
28	15	0.0215908056261
29	15	0.044871759542
40	15	0.0788524390013
1	15	0.0324084236295
0	15	0.0245915801755
3	15	0.0226737340043
2	15	0.0254960596781
5	15	0.0317347698525
4	15	0.0719173675204
6	15	0.0314978298575
9	15	0.0260178472705
8	15	0.0222309891889
39	15	0.0533074759553
38	15	0.0248839013432
11	15	0.0262556102834
10	15	0.0415372953949
13	15	0.0214693636763
12	15	0.0948380784994
14	15	0.0267336430514
17	15	0.03034378284
16	15	0.0268276047925
19	15	0.0345875424845
18	15	0.0673511981631
31	15	0.0636200479017
30	15	0.109524836047
37	15	0.0767623619942
36	15	0.0475153996318
35	15	0.0888614019549
34	15	0.030967889983
33	15	0.0198872563125
32	15	0.0306607214382
42	14	0.0429011350609
43	14	0.0280387477924
24	14	0.0237904956176
25	14	0.0273267719264
26	14	0.037648215827
27	14	0.028278006597
20	14	0.0252913977838
22	14	0.0221795972104
23	14	0.0252411016515
28	14	0.0200018655392
29	14	0.0439690967714
40	14	0.0788068395667
1	14	0.0317446323399
0	14	0.0232575578578
3	14	0.0229282710333
2	14	0.0235718379737
5	14	0.030265000688
4	14	0.0721608470617
6	14	0.0300331457638
9	14	0.0241685146069
8	14	0.020066918962
39	14	0.0540736786663
38	14	0.0234443186428
11	14	0.0253091768124
10	14	0.0408466408964
13	14	0.0193185541915
12	14	0.0952724361344
15	14	0.0267336430514
17	14	0.0289283925885
16	14	0.0253375815829
19	14	0.0337793685204
18	14	0.0674343844514
31	14	0.0629281981128
30	14	0.109317983968
37	14	0.0762969910317
36	14	0.0471393122208
35	14	0.0885263683259
34	14	0.0298058509895
33	14	0.0177375469711
32	14	0.0294195739344
42	17	0.0451118616576
43	17	0.0313486735148
24	17	0.0279113676302
25	17	0.0310292654912
26	17	0.0405643180453
27	17	0.031671064112
20	17	0.0283244488605
22	17	0.0264309533978
23	17	0.0290853981531
28	17	0.0245645561402
29	17	0.0463472883839
40	17	0.0801686634249
1	17	0.0349575212202
0	17	0.0273665505799
3	17	0.0268558757703
2	17	0.025966739924
5	17	0.0327151525132
4	17	0.0733012206408
6	17	0.0334346944629
9	17	0.0283535313417
8	17	0.0240177989782
39	17	0.0552607816525
38	17	0.027388905543
11	17	0.029022738666
10	17	0.0433046282222
13	17	0.0241169068462
12	17	0.0960148087372
15	17	0.03034378284
14	17	0.0289283925885
16	17	0.0290516324438
19	17	0.0356491187377
18	17	0.0689776884225
31	17	0.0646978313544
30	17	0.11009449697
37	17	0.0775217112296
36	17	0.0483638865181
35	17	0.0894051273304
34	17	0.0329379228571
33	17	0.0228488992788
32	17	0.0329257239404
42	16	0.0427048857929
43	16	0.0279694950594
24	16	0.0242234134099
25	16	0.0278596060857
26	16	0.0388564880892
27	16	0.0285380672651
20	16	0.0257499575806
22	16	0.022779211613
23	16	0.0255613275122
28	16	0.0204676210183
29	16	0.0437201763543
40	16	0.0789210883651
1	16	0.0318677514596
0	16	0.0236451387966
3	16	0.0228106632221
2	16	0.0240775404592
5	16	0.0306129691368
4	16	0.0723538992394
6	16	0.0306410160879
9	16	0.0239147966738
8	16	0.0207310686231
39	16	0.0536716942022
38	16	0.0237630315265
11	16	0.0256950640034
10	16	0.0411783151964
13	16	0.0200604862643
12	16	0.0950890655129
15	16	0.0268276047925
14	16	0.0253375815829
17	16	0.0290516324438
19	16	0.033941486481
18	16	0.0676206099488
31	16	0.0627521231211
30	16	0.109280017771
37	16	0.0764392863209
36	16	0.0475090006074
35	16	0.088623796253
34	16	0.0301342977719
33	16	0.0184268705695
32	16	0.0299765075234
42	19	0.04822139197
43	19	0.0363194770267
24	19	0.0333231748677
25	19	0.0359789743683
26	19	0.0441720170473
27	19	0.0364247342018
20	19	0.0334772531458
22	19	0.0320713486782
23	19	0.0336215607195
28	19	0.0304276946389
29	19	0.0503173620377
40	19	0.0820630305759
1	19	0.0392466986857
0	19	0.0327066555561
3	19	0.0321488124582
2	19	0.03251747482
5	19	0.0377318343252
4	19	0.0751565361055
6	19	0.0358771262628
9	19	0.0335748310528
8	19	0.0301405305657
39	19	0.0576850955642
38	19	0.0329057772784
11	19	0.0341663074568
10	19	0.0468317278203
13	19	0.0302188215532
12	19	0.0972033421019
15	19	0.0345875424845
14	19	0.0337793685204
17	19	0.0356491187377
16	19	0.033941486481
18	19	0.0712541382164
31	19	0.0666060136315
30	19	0.111465919473
37	19	0.0796019817701
36	19	0.0519469391809
35	19	0.0915028474343
34	19	0.0373866358609
33	19	0.029060430916
32	19	0.0367686049582
42	18	0.0758398312628
43	18	0.0685445984109
24	18	0.0666077563926
25	18	0.068229336715
26	18	0.0729529531001
27	18	0.0686174586954
20	18	0.0675067292658
22	18	0.0662648559536
23	18	0.0666455846431
28	18	0.065641735907
29	18	0.0770129143701
40	18	0.099570195627
1	18	0.0699658993617
0	18	0.0667006608958
3	18	0.0665209840747
2	18	0.0668617759545
5	18	0.0693899615617
4	18	0.0956448667244
6	18	0.0694722196839
9	18	0.0664761509537
8	18	0.0657221498687
39	18	0.0827711754879
38	18	0.0664572389549
11	18	0.0674891669437
10	18	0.0747787413562
13	18	0.0654680283303
12	18	0.113996541488
15	18	0.0673511981631
14	18	0.0674343844514
17	18	0.0689776884225
16	18	0.0676206099488
19	18	0.0712541382164
31	18	0.0888557686232
30	18	0.126001373272
37	18	0.0981744172814
36	18	0.0784459468611
35	18	0.10838331512
34	18	0.0694251289678
33	18	0.0649575823755
32	18	0.0683475055586
42	31	0.0702422348068
43	31	0.0640835244036
24	31	0.0625240435251
25	31	0.0639893883416
26	31	0.0687332819323
27	31	0.0642798521692
20	31	0.0629163135118
22	31	0.0617031926018
23	31	0.0623791257389
28	31	0.0609500963742
29	31	0.0721139316698
40	31	0.0977403988432
1	31	0.0657964175989
0	31	0.0620482651614
3	31	0.061490740042
2	31	0.0622343498177
5	31	0.064816478095
4	31	0.0900950251892
6	31	0.0629962560328
9	31	0.0620619872472
8	31	0.0612368550887
39	31	0.0774226325594
38	31	0.0621735143569
11	31	0.0626305167136
10	31	0.0707288321442
13	31	0.0609062987252
12	31	0.111049701245
15	31	0.0636200479017
14	31	0.0629281981128
17	31	0.0646978313544
16	31	0.0627521231211
19	31	0.0666060136315
18	31	0.0888557686232
30	31	0.122511273166
37	31	0.0957723402534
36	31	0.074752888307
35	31	0.1030353145
34	31	0.0647843299902
33	31	0.060347995184
32	31	0.0645607028664
42	30	0.114304696636
43	30	0.109234394284
24	30	0.108880500252
25	30	0.10984237512
26	30	0.113250856501
27	30	0.109774090619
20	30	0.108580067534
22	30	0.108545354054
23	30	0.107787025871
28	30	0.107899959126
29	30	0.11481426969
40	30	0.132469936382
1	30	0.110768533697
0	30	0.108445948352
3	30	0.108490357092
2	30	0.108915963064
5	30	0.110634246257
4	30	0.127088300312
6	30	0.109786301609
9	30	0.108393266191
8	30	0.108244571355
39	30	0.119454239269
38	30	0.108363447811
11	30	0.108512163998
10	30	0.113752922099
13	30	0.10805289079
12	30	0.142816914345
15	30	0.109524836047
14	30	0.109317983968
17	30	0.11009449697
16	30	0.109280017771
19	30	0.111465919473
18	30	0.126001373272
31	30	0.122511273166
37	30	0.130970758593
36	30	0.115009003293
35	30	0.138450584627
34	30	0.109849158209
33	30	0.10765337405
32	30	0.109974007646
42	37	0.0830093327676
43	37	0.0772908321833
24	37	0.0755589902902
25	37	0.0767754788099
26	37	0.0813727937142
27	37	0.0773718255353
20	37	0.075800346215
22	37	0.0752126391626
23	37	0.0761946164547
28	37	0.0741961847635
29	37	0.0848953767281
40	37	0.10665055771
1	37	0.0786533745539
0	37	0.0752946753188
3	37	0.0751324319658
2	37	0.0754973258359
5	37	0.078189534739
4	37	0.0993933478821
6	37	0.0781066996471
9	37	0.0757102940642
8	37	0.0747718760492
39	37	0.0901319787566
38	37	0.0756616506944
11	37	0.0756930901205
10	37	0.0817619046057
13	37	0.0742454595775
12	37	0.119466334217
15	37	0.0767623619942
14	37	0.0762969910317
17	37	0.0775217112296
16	37	0.0764392863209
19	37	0.0796019817701
18	37	0.0981744172814
31	37	0.0957723402534
30	37	0.130970758593
36	37	0.0845633711125
35	37	0.114122462891
34	37	0.0752949229654
33	37	0.0740612548595
32	37	0.0765836040538
42	36	0.057874409649
43	36	0.0487647124778
24	36	0.0462408052919
25	36	0.048515605259
26	36	0.0531298164333
27	36	0.0488831914392
20	36	0.0268134820663
22	36	0.0454515401704
23	36	0.0471471183696
28	36	0.0441734858707
29	36	0.0596915436744
40	36	0.0879722686187
1	36	0.0509674948983
0	36	0.0458427190409
3	36	0.0453520393959
2	36	0.0454605786241
5	36	0.050280730931
4	36	0.0814394540561
6	36	0.0501156066402
9	36	0.0465935683871
8	36	0.0444969050979
39	36	0.0670204269265
38	36	0.0456961173823
11	36	0.046825788191
10	36	0.0563619770851
13	36	0.0431474389009
12	36	0.103385245241
15	36	0.0475153996318
14	36	0.0471393122208
17	36	0.0483638865181
16	36	0.0475090006074
19	36	0.0519469391809
18	36	0.0784459468611
31	36	0.074752888307
30	36	0.115009003293
37	36	0.0845633711125
35	36	0.097190757801
34	36	0.049283500706
33	36	0.0432995036459
32	36	0.0468397970607
42	35	0.0933420143397
43	35	0.0888960188385
24	35	0.0880327593386
25	35	0.089168213836
26	35	0.0926771534474
27	35	0.0894503792778
20	35	0.0884165409858
22	35	0.0876524474373
23	35	0.0884352320722
28	35	0.0868308800809
29	35	0.0961488240844
40	35	0.115839893711
1	35	0.0906305676327
0	35	0.0876177015283
3	35	0.0873679706441
2	35	0.0881013800971
5	35	0.0899307990334
4	35	0.108994058425
6	35	0.0897524602143
9	35	0.0883783566475
8	35	0.0871889653885
39	35	0.10067892396
38	35	0.087889792878
11	35	0.0871867306708
10	35	0.093923618736
13	35	0.0867997913813
12	35	0.127571104878
15	35	0.0888614019549
14	35	0.0885263683259
17	35	0.0894051273304
16	35	0.088623796253
19	35	0.0915028474343
18	35	0.10838331512
31	35	0.1030353145
30	35	0.138450584627
37	35	0.114122462891
36	35	0.097190757801
34	35	0.0894004503082
33	35	0.0865861089394
32	35	0.0900469843399
42	34	0.0421415616582
43	34	0.0324370052109
24	34	0.0285745796606
25	34	0.0319699857437
26	34	0.0416107310342
27	34	0.0325488233942
20	34	0.0289557480791
22	34	0.0273198787509
23	34	0.0295310410033
28	34	0.0226801362182
29	34	0.0477658265725
40	34	0.07988082316
1	34	0.0351795683211
0	34	0.0273149121126
3	34	0.0255651038385
2	34	0.027687567136
5	34	0.0342514334686
4	34	0.0673160515793
6	34	0.0341963238453
9	34	0.029414805838
8	34	0.0257603153522
39	34	0.0556218240429
38	34	0.0279668689949
11	34	0.0270153832314
10	34	0.0426195746049
13	34	0.0242548781102
12	34	0.096062926293
15	34	0.030967889983
14	34	0.0298058509895
17	34	0.0329379228571
16	34	0.0301342977719
19	34	0.0373866358609
18	34	0.0694251289678
31	34	0.0647843299902
30	34	0.109849158209
37	34	0.0752949229654
36	34	0.049283500706
35	34	0.0894004503082
33	34	0.0238408189403
32	34	0.0336822762166
42	33	0.0387155049341
43	33	0.0214950155257
24	33	0.0158145368875
25	33	0.0209205405786
26	33	0.0339264734529
27	33	0.0217450927816
20	33	0.0175910955711
22	33	0.0132500329016
23	33	0.0175024471461
28	33	0.00882469314903
29	33	0.0410276467913
40	33	0.0764928520312
1	33	0.0263158682702
0	33	0.0147620505832
3	33	0.0140767363812
2	33	0.0155153216563
5	33	0.0246312281307
4	33	0.0696283033974
6	33	0.0244799998757
9	33	0.0167203284969
8	33	0.00977291528807
39	33	0.0508424067578
38	33	0.0151483950596
11	33	0.0177747529399
10	33	0.0366250296234
13	33	0.00766810328978
12	33	0.0934261859582
15	33	0.0198872563125
14	33	0.0177375469711
17	33	0.0228488992788
16	33	0.0184268705695
19	33	0.029060430916
18	33	0.0649575823755
31	33	0.060347995184
30	33	0.10765337405
37	33	0.0740612548595
36	33	0.0432995036459
35	33	0.0865861089394
34	33	0.0238408189403
32	33	0.0236264951372
42	32	0.0453325925351
43	32	0.0320255490837
24	32	0.0279985298484
25	32	0.0319598665489
26	32	0.0403476653637
27	32	0.0324536154299
20	32	0.0277295740692
22	32	0.026791602774
23	32	0.0298369507382
28	32	0.0254924026454
29	32	0.045480324399
40	32	0.0805039022663
1	32	0.0352640508483
0	32	0.0281548947154
3	32	0.0275350393897
2	32	0.0277591044003
5	32	0.0340689085423
4	32	0.0729968028861
6	32	0.0341536943569
9	32	0.0285083356259
8	32	0.0256933535442
39	32	0.0551375692186
38	32	0.0282389128467
11	32	0.0294852770198
10	32	0.0437284088707
13	32	0.0249982409991
12	32	0.0962151033733
15	32	0.0306607214382
14	32	0.0294195739344
17	32	0.0329257239404
16	32	0.0299765075234
19	32	0.0367686049582
18	32	0.0683475055586
31	32	0.0645607028664
30	32	0.109974007646
37	32	0.0765836040538
36	32	0.0468397970607
35	32	0.0900469843399
34	32	0.0336822762166
33	32	0.0236264951372
